ESP

21760     -15361      30462
-35.21935
21760    -15873      30974
-36.10916
20992    -16385      30462
-37.9733
21504    -15873      30974
-36.43259
21760    -15873      30462
-36.10916
22016    -15873      30718
-35.79068
22016    -15873      30974
-35.79068
22528    -15873      30718
-35.16812




32512      -24577      -30978
b'\x00\x7f\xfe\x86\xff\x9f'
-37.08696
b'\x00\x7f\xfe\x88\xff\xa0'
32512    -24321      -30466
b'\x00\x7f\xfe\x88\xff\xa0'
-36.79877
b'\x00\x80\xfe\x86\xff\xa0'
-32768   -24321      -30978
b'\x00\x80\xfe\x86\xff\xa0'
-143.4165
b'\x00\x80\xfe\x88\xff\xa0'
-32768   -24321      -30466
b'\x00\x80\xfe\x88\xff\xa0'
-143.4165
b'\x00\x7f\xfe\x87\xff\xa1'
32512    -24065      -30722
b'\x00\x7f\xfe\x87\xff\xa1'
-36.50841
